191	380	97	53	357
434	214	328	53	101
200	385	161	377	278
328	48	280	71	208
35	108	99	400	19
277	284	308	274	417
138	325	108	439	302
229	156	34	314	62
331	390	468	305	38
202	343	337	324	163
434	403	174	350	408
103	5	36	184	498
201	64	57	499	147
269	40	341	293	477
105	422	58	312	138
240	199	54	134	337
84	422	158	422	403
459	241	118	131	483
43	93	139	413	162
80	382	312	22	409
213	292	243	281	291
232	145	205	231	400
386	219	376	86	489
267	243	217	493	183
432	31	149	182	136
220	65	34	475	193
304	72	361	262	360
373	173	232	338	88
155	133	93	70	125
20	86	171	41	329
391	25	500	95	24
109	430	374	420	172
167	297	362	87	393
404	234	67	457	93
152	368	255	228	262
249	152	273	315	161
47	110	11	395	18
476	29	33	350	345
106	59	220	20	473
322	471	27	379	145
441	348	48	183	411
351	72	289	445	2
238	281	257	366	253
251	425	483	71	378
206	344	444	247	360
467	35	216	87	18
220	53	261	131	481
379	195	63	144	72
381	60	60	423	108
22	441	167	68	80
403	300	492	288	176
352	126	280	334	185
207	108	439	24	238
82	62	4	22	429
307	50	259	355	348
488	163	74	499	423
157	137	444	228	66
372	32	222	18	469
65	110	56	327	379
173	454	23	93	157
131	81	148	496	83
207	1	427	54	42
140	358	367	16	135
212	436	283	218	488
385	322	70	453	464
291	286	446	158	365
439	390	469	163	370
384	109	282	333	359
64	369	168	485	169
110	331	338	336	90
485	154	483	112	290
343	72	53	388	310
21	268	492	112	44
440	389	210	349	269
369	4	44	354	25
414	224	163	203	196
321	193	145	314	187
302	66	323	154	287
356	211	187	398	150
253	142	156	70	90
280	79	382	462	293
267	407	398	135	64
429	421	9	437	265
386	174	424	104	297
391	355	115	307	264
375	236	267	324	404
366	471	282	400	107
370	464	304	149	304
86	440	136	3	229
226	464	445	80	307
295	480	392	38	51
148	15	104	343	150
167	403	142	125	220
86	357	33	343	423
288	129	101	288	401
338	123	360	231	49
210	483	18	294	11
141	147	493	442	466
94	146	36	309	199
117	365	89	277	471
111	486	4	405	248
58	389	368	481	229
190	435	386	274	27
408	193	54	4	221
215	125	171	373	437
110	243	408	382	9
387	77	58	109	471
348	100	23	343	52
119	171	356	322	92
463	143	264	179	431
252	52	273	35	426
132	443	187	404	116
47	166	2	236	298
430	28	338	146	361
432	79	423	97	32
57	331	166	464	260
359	319	216	141	158
117	59	215	483	138
5	441	225	185	270
467	408	374	249	352
296	263	77	360	109
483	175	418	492	321
175	407	256	402	62
201	407	382	224	167
393	304	102	484	79
286	126	29	453	495
262	97	289	27	148
185	144	330	388	451
168	122	66	429	42
319	330	286	346	212
221	365	287	184	233
472	492	6	191	415
8	409	37	4	332
376	267	343	293	154
198	335	171	79	255
17	317	31	279	477
455	441	199	30	112
75	391	473	10	497
88	446	361	25	240
258	102	168	470	136
100	329	23	329	284
405	410	308	37	370
347	130	132	222	86
464	486	254	255	202
136	324	253	338	296
349	321	16	275	383
39	143	151	455	460
485	210	360	341	26
216	71	163	372	242
59	472	142	352	243
141	440	471	487	286
161	469	306	138	334
308	93	335	140	122
403	186	219	460	40
50	390	341	137	81
373	479	487	9	343
116	386	166	174	374
237	171	210	314	49
345	438	312	270	276
104	29	172	479	241
259	14	310	45	283
225	246	146	52	42
100	345	355	73	55
402	155	303	431	152
266	250	189	155	328
496	309	422	148	294
157	395	244	263	278
201	85	119	461	3
396	468	345	138	144
383	295	73	205	459
60	284	95	300	292
93	495	329	165	33
435	441	411	310	279
377	424	71	167	233
99	195	313	9	439
68	306	14	343	81
332	23	214	452	423
6	453	293	133	26
489	293	308	487	371
16	177	118	335	91
1	489	418	126	74
241	134	124	329	363
226	32	286	386	476
449	345	456	274	238
408	243	380	16	240
359	290	410	34	6
321	126	309	92	406
463	499	488	380	296
494	95	339	176	172
356	388	405	230	14
120	314	431	122	485
130	61	399	259	277
437	69	267	219	320
222	295	131	76	281
182	95	413	92	85
219	338	362	261	463
254	314	455	75	370
405	493	279	122	281
369	355	251	462	30
456	83	104	436	209
111	386	97	420	327
27	99	146	154	470
428	260	200	172	337
171	314	426	143	44
192	21	14	155	76
313	469	244	373	490
15	288	116	137	278
465	383	277	191	216
493	340	390	274	42
111	95	370	195	349
388	288	235	41	453
261	404	361	397	112
324	248	500	444	492
190	45	310	317	311
65	486	140	233	431
57	390	253	180	317
259	89	28	206	261
453	499	109	5	427
467	78	174	95	291
82	65	417	131	147
481	115	298	411	273
322	250	129	200	32
233	379	42	429	401
242	66	223	287	12
193	342	104	141	273
459	45	310	428	249
390	468	477	35	128
414	313	370	203	226
172	364	297	456	198
482	154	35	410	346
229	437	274	296	134
222	36	66	438	10
389	363	110	423	222
80	52	61	472	303
225	157	288	143	252
183	95	160	335	89
360	300	270	328	64
438	296	470	62	72
74	334	365	179	323
492	207	433	34	484
213	433	216	20	120
244	237	446	55	423
379	188	356	87	292
466	187	29	357	448
476	133	420	380	266
214	485	315	168	218
162	342	354	367	27
256	391	260	273	362
212	265	240	78	32
309	434	42	198	89
2	241	65	97	48
126	371	413	43	385
326	419	155	298	269
401	223	117	441	318
345	100	407	462	427
272	470	483	54	26
61	341	35	215	107
496	380	305	39	213
84	407	299	441	254
488	265	404	199	224
275	154	440	240	168
286	231	93	207	81
41	38	311	378	497
232	14	110	382	38
259	336	21	34	268
41	296	161	249	115
51	93	73	71	371
384	244	420	163	495
276	447	405	476	394
144	300	205	2	479
427	254	482	124	320
178	193	476	231	20
121	233	10	81	202
311	343	433	300	390
365	425	437	15	475
39	74	4	434	270
494	259	439	192	366
43	97	112	265	15
199	39	7	177	48
264	124	118	104	233
390	491	442	205	423
22	14	229	343	308
500	379	115	213	231
299	488	171	160	172
244	294	377	188	123
37	81	242	312	480
220	170	283	253	154
462	65	270	68	438
481	12	483	442	161
13	2	407	181	229
419	26	129	251	430
389	31	497	102	280
369	241	227	60	297
177	319	305	279	366
176	467	167	130	205
172	266	70	181	246
245	358	209	113	415
19	283	160	270	154
91	347	442	399	486
335	343	309	480	242
362	47	366	264	318
412	377	4	119	182
209	83	216	458	305
212	204	256	3	183
190	200	71	459	355
108	499	228	145	7
109	154	100	25	416
298	113	144	344	279
305	122	300	248	170
476	369	202	328	391
392	180	112	104	483
495	363	277	223	208
384	269	286	470	366
374	327	68	310	333
189	204	290	416	272
181	336	378	385	461
302	261	248	111	283
412	499	186	413	411
192	290	298	160	457
435	59	403	55	149
90	438	389	386	43
104	344	49	4	146
74	270	45	477	81
27	190	260	361	182
54	169	166	436	236
77	334	363	48	306
132	381	343	225	193
106	340	288	318	117
80	188	2	342	71
439	122	32	10	99
184	119	409	275	198
475	397	188	350	290
443	175	170	330	207
28	270	194	379	38
399	57	384	468	19
198	393	165	425	85
102	271	59	210	67
110	404	138	463	267
53	386	95	222	47
237	336	240	445	424
209	302	6	27	261
33	101	167	356	81
153	339	239	497	235
91	384	405	469	317
46	171	379	21	169
90	16	276	185	327
150	443	202	6	430
311	240	330	97	378
338	159	334	294	365
192	402	320	472	330
157	304	60	66	256
112	482	365	197	22
299	258	207	462	433
485	469	39	324	290
271	207	28	494	257
45	403	250	115	155
441	447	396	309	482
198	419	269	292	71
383	251	406	339	23
152	11	69	442	2
53	239	281	396	244
398	185	209	481	51
190	228	186	175	445
258	423	296	426	85
372	97	248	436	410
6	192	38	470	320
356	452	356	142	116
323	462	65	400	116
474	161	390	487	202
357	124	361	124	236
241	147	480	246	118
274	415	231	113	119
387	82	397	475	255
177	149	292	343	467
7	205	391	40	204
67	282	471	366	235
11	30	359	89	362
234	14	2	259	486
197	318	262	109	268
288	424	216	500	274
95	185	75	193	404
26	106	460	86	348
148	411	323	18	1
212	198	281	247	36
230	136	469	44	112
464	164	136	20	172
55	55	377	401	345
185	128	59	112	193
53	193	268	215	64
196	499	253	360	376
199	437	324	433	345
157	487	299	260	205
415	285	366	344	162
227	161	407	222	309
246	478	131	223	340
424	495	82	13	133
408	213	329	384	481
375	285	140	393	439
90	161	409	465	325
298	66	137	151	421
371	1	254	81	145
38	74	327	165	131
202	179	312	381	445
240	236	26	446	257
417	124	216	97	478
266	178	302	382	458
131	87	490	276	459
328	248	314	132	21
449	488	375	5	113
271	428	70	464	191
432	411	90	410	385
295	487	332	453	462
110	272	4	352	176
197	97	369	498	442
35	89	107	349	487
272	356	61	449	245
351	340	156	326	177
192	494	303	412	370
219	292	213	225	15
83	88	478	183	305
308	54	18	189	425
483	226	32	459	181
282	492	105	134	473
99	354	19	204	202
366	444	463	438	308
335	488	493	393	124
493	198	456	15	494
420	313	43	406	453
478	319	209	80	58
2	208	471	454	289
3	144	17	37	410
13	328	291	50	53
307	311	190	72	296
33	408	194	211	178
23	133	490	354	175
419	206	53	145	308
435	329	139	75	15
468	222	161	306	389
39	75	206	401	422
256	369	100	13	6
421	141	319	91	272
329	395	264	211	48
7	88	412	172	332
497	287	355	219	185
64	350	443	173	153
389	208	423	139	9
5	138	189	102	245
457	34	92	156	429
425	240	394	479	262
349	211	396	182	233
128	239	499	202	227
312	208	444	8	438
204	74	245	475	53
396	62	183	354	497
313	31	387	399	249
60	329	254	35	85
448	176	374	498	287
275	118	312	95	386
378	4	311	224	149
414	11	4	439	350
341	377	201	10	171
126	288	454	348	119
88	244	198	143	239
321	391	164	141	244
234	346	241	274	75
255	272	132	483	189
65	475	447	225	269
89	321	467	495	443
485	449	396	189	408
88	371	313	157	279
109	360	331	5	1
281	365	364	210	153
127	168	488	289	42
173	462	357	466	442
125	11	453	447	18
254	301	482	294	480
299	145	245	422	105
409	176	38	159	390
152	183	227	284	304
93	451	119	229	21
162	179	488	195	435
295	402	369	497	43
65	488	120	160	481
144	187	56	275	110
395	6	297	238	3
161	166	210	375	427
111	283	75	489	350
331	445	421	57	137
216	374	203	285	396
185	195	228	242	16
455	293	2	339	7
206	105	443	470	42
321	299	294	358	387
485	150	414	268	500
461	396	426	389	312
418	450	400	446	479
380	367	476	333	53
344	77	176	97	199
306	259	429	415	225
57	288	249	379	441
111	392	34	491	339
94	29	57	64	269
442	425	417	326	239
77	357	426	235	81
406	212	25	176	104
396	124	201	250	451
202	134	108	322	490
236	298	44	389	388
404	435	68	217	120
187	263	159	1	310
223	491	24	361	73
169	440	428	180	474
389	112	405	340	319
130	36	259	13	382
407	354	145	275	213
237	216	494	205	329
205	457	283	12	120
488	363	312	488	89
267	407	492	173	331
413	191	356	37	192
292	261	9	335	92
489	289	160	434	108
218	203	455	390	163
399	243	147	84	94
216	46	64	99	281
208	482	454	11	30
367	53	452	170	268
277	371	205	164	470
285	282	196	155	36
113	89	419	369	134
279	325	490	384	327
213	140	286	108	364
267	58	457	141	123
254	167	245	4	83
482	230	18	55	191
279	395	57	214	147
96	183	376	470	187
382	182	219	474	181
98	477	403	339	462
237	479	396	374	468
393	29	363	18	54
195	324	335	486	62
249	172	453	347	61
457	315	93	173	262
323	317	465	104	317
203	129	226	347	195
446	385	129	404	176
157	477	44	70	60
497	134	394	265	325
35	231	448	21	343
215	369	312	60	270
69	45	167	476	260
319	270	498	63	17
483	473	407	441	480
320	12	47	450	108
365	64	1	1	216
79	316	433	471	369
414	427	460	300	175
252	499	308	477	432
419	430	65	67	40
293	396	164	457	40
298	441	65	378	440
34	78	419	124	303
169	370	185	418	14
410	374	408	108	447
74	59	328	448	115
221	178	446	2	129
86	412	60	121	118
389	54	217	395	418
31	253	179	330	437
287	269	474	423	21
128	238	246	476	432
172	40	421	282	151
420	93	18	173	492
458	284	227	439	159
324	95	457	490	264
199	253	345	244	292
74	175	259	8	377
373	152	38	17	78
206	338	223	211	218
477	223	424	30	20
210	419	441	375	10
153	453	306	159	69
268	122	44	157	1
339	155	103	214	209
399	201	227	259	273
399	50	352	12	468
146	308	21	449	479
35	36	126	131	235
209	98	157	7	448
74	300	288	167	304
375	457	126	409	463
254	2	432	318	124
266	485	334	436	302
109	314	185	281	281
27	348	16	440	133
120	259	138	471	350
126	16	433	500	102
433	214	180	156	268
407	16	298	38	446
478	196	56	385	333
55	478	188	330	458
465	156	99	418	113
106	397	343	30	190
175	205	33	209	396
309	250	272	176	165
325	56	182	17	215
457	435	348	34	19
117	315	442	354	332
491	304	11	385	206
99	253	416	35	436
54	375	266	379	462
29	136	295	444	345
132	245	82	500	160
212	153	58	224	357
480	372	222	455	435
381	345	26	354	131
415	140	314	406	173
247	160	145	143	473
129	454	342	36	434
176	179	215	409	281
59	43	146	495	366
406	197	117	455	175
324	61	383	119	295
244	144	269	476	59
311	293	357	466	165
222	263	405	289	238
460	460	397	315	264
59	412	171	84	32
257	418	109	474	147
253	56	434	225	277
322	308	442	70	299
472	9	322	23	312
64	200	240	140	118
124	419	337	335	330
190	219	292	121	349
223	10	423	468	496
216	187	396	91	11
286	253	39	263	495
174	61	373	276	434
470	27	84	320	120
478	175	29	202	264
277	184	266	199	158
52	266	362	318	172
230	349	453	288	125
93	418	153	305	100
408	280	123	118	487
412	354	41	355	56
487	447	352	194	363
130	362	286	195	378
256	353	32	11	34
281	319	375	155	403
216	186	385	319	423
383	439	103	351	468
190	407	333	467	21
452	443	261	210	179
494	302	261	31	147
41	312	81	117	489
256	23	114	273	407
12	356	319	94	204
314	456	284	300	276
278	166	25	126	30
8	348	35	350	391
62	435	234	483	283
26	485	289	30	431
433	397	274	247	130
174	172	421	7	447
459	308	450	141	321
475	191	28	54	248
202	500	396	199	63
494	112	282	189	175
14	326	219	337	155
83	184	59	257	146
47	130	222	223	22
264	162	366	38	48
144	412	295	434	497
224	4	324	417	455
402	319	13	88	69
414	387	151	439	238
483	326	382	105	111
72	356	86	344	279
489	310	157	50	13
163	17	221	394	228
322	323	490	38	396
238	321	303	261	67
122	318	101	461	22
338	301	79	50	309
109	79	78	209	193
239	281	398	287	454
16	304	64	92	190
50	95	320	11	397
364	310	204	412	22
19	372	417	499	299
84	227	414	89	455
9	242	25	281	305
141	449	246	426	478
422	433	372	219	418
303	178	14	137	306
422	298	261	181	46
461	356	145	232	186
240	59	337	483	232
57	476	470	387	404
453	457	273	13	259
439	198	441	240	422
43	59	166	331	349
340	200	122	381	159
343	16	144	134	104
206	415	107	464	417
374	271	31	412	478
237	181	384	45	384
130	52	180	317	158
495	230	290	328	436
288	215	19	48	109
57	432	180	283	194
375	262	119	156	321
38	290	186	428	267
399	309	36	9	346
276	484	182	202	284
32	168	414	160	154
495	429	290	51	145
386	381	384	200	108
68	475	301	181	438
454	231	260	107	355
445	341	134	273	449
391	498	98	232	252
185	33	324	436	190
500	413	249	325	349
342	293	406	49	352
494	494	313	38	37
62	299	332	467	309
134	30	15	301	431
150	35	435	92	245
442	471	352	189	240
241	1	126	427	381
15	452	238	396	495
452	20	249	279	110
25	157	325	448	227
31	492	80	59	332
486	234	392	128	411
471	373	394	296	469
25	465	274	112	306
227	129	146	326	359
57	99	405	139	261
277	394	375	307	216
212	482	443	298	394
413	443	93	303	68
180	27	476	269	317
114	390	169	24	94
119	426	429	388	217
366	12	161	122	286
264	70	199	461	258
138	488	341	102	140
148	464	12	177	492
431	263	188	112	78
403	143	69	68	233
189	332	325	436	163
15	281	149	396	377
334	241	334	49	374
494	44	274	381	138
94	38	27	420	261
97	419	30	57	258
493	34	462	51	113
221	315	426	154	376
146	203	98	360	315
96	303	121	477	169
186	110	372	440	278
481	1	384	478	262
267	446	360	110	140
450	430	4	486	264
333	426	430	433	255
31	287	176	82	53
174	68	166	411	454
17	105	16	414	67
458	108	340	488	220
203	88	266	427	138
331	397	233	54	438
280	192	181	173	89
356	476	17	403	175
454	181	221	386	290
20	86	192	168	143
444	391	327	483	56
460	78	279	72	323
86	394	131	500	449
141	370	136	288	55
402	121	211	266	289
376	212	205	18	419
306	190	217	304	420
413	367	226	294	346
279	346	374	382	178
259	422	260	9	467
54	486	497	112	290
435	437	453	93	443
65	243	421	1	228
346	239	420	469	373
491	475	153	289	81
114	348	301	194	54
332	334	263	492	285
398	250	172	132	170
107	164	377	214	259
479	285	60	360	163
122	238	234	499	285
13	128	345	96	471
177	453	90	385	94
234	158	80	96	208
371	118	74	46	329
214	241	24	117	422
424	330	468	385	475
232	436	426	44	26
413	440	398	187	145
162	223	280	412	385
407	205	458	371	479
332	254	294	352	348
211	450	263	150	321
187	488	415	491	139
131	209	7	218	235
255	329	269	336	4
37	353	454	53	37
289	222	459	269	131
267	373	413	311	102
178	237	289	304	44
51	375	333	310	460
32	464	135	487	336
211	186	470	397	75
107	90	231	130	78
279	460	464	416	384
40	270	241	69	409
297	453	9	12	343
419	289	7	446	385
476	312	259	287	462
391	424	39	467	484
140	116	332	271	326
397	282	414	145	431
187	74	75	379	468
129	489	206	120	475
86	440	112	499	253
48	221	88	323	197
471	113	448	339	228
444	364	98	402	451
153	413	412	287	313
454	236	131	499	115
476	65	81	456	148
117	399	19	273	479
85	337	268	411	378
349	180	448	2	482
405	393	487	267	231
447	436	383	293	434
337	338	427	431	293
72	348	124	101	450
316	410	59	135	20
478	62	196	414	15
158	23	163	419	291
268	406	39	207	99
292	439	375	1	408
80	131	368	189	417
122	451	19	2	79
324	31	327	274	406
166	27	274	259	313
419	340	51	390	47
33	15	369	43	33
266	333	259	388	125
325	73	25	93	221
400	459	74	454	300
391	340	240	113	277
384	82	46	29	121
351	120	348	350	364
104	492	467	204	47
244	350	455	141	117
276	202	425	490	99
496	117	151	239	463
28	229	180	105	446
391	343	173	352	101
329	205	2	76	18
56	257	157	426	283
365	226	138	273	77
158	76	200	406	493
490	457	471	236	201
197	218	234	3	149
195	265	47	7	360
171	260	5	357	206
165	411	291	139	451
435	130	175	219	378
226	153	81	431	121
143	494	299	96	409
62	112	399	434	200
77	301	264	235	166
471	366	305	86	388
382	383	93	133	20
205	380	163	441	403
101	304	144	431	258
137	256	458	219	457
231	25	389	112	280
357	494	276	325	338
337	14	44	360	189
396	416	485	227	147
239	270	376	254	220
135	455	410	469	361
323	423	415	69	359
292	489	357	11	24
418	220	133	489	115
191	303	396	170	466
186	459	174	385	286
125	225	76	372	44
40	477	220	42	428
74	124	344	63	179
19	223	35	121	432
60	326	33	114	400
347	142	133	144	55
36	37	137	299	441
295	170	195	481	121
109	11	336	147	215
446	430	200	23	394
483	400	348	271	320
318	364	321	497	291
225	316	299	370	328
143	256	468	437	119
180	143	111	184	367
469	202	227	355	369
81	352	271	369	110
25	232	264	494	107
82	247	226	322	462
319	59	478	407	258
210	490	312	29	60
50	3	285	152	472
327	242	407	308	421
320	19	231	110	468
219	260	346	87	406
32	43	46	378	224
154	13	254	146	367
296	278	495	416	116
177	495	248	460	41
216	334	56	357	204
361	373	191	94	393
485	224	260	428	275
24	33	420	180	158
263	165	415	308	452
497	434	173	62	193
342	190	242	335	471
481	418	277	199	51
4	144	109	147	150
214	166	402	410	359
448	406	474	298	331
411	248	450	231	89
317	26	102	479	202
155	76	273	294	111
17	89	95	119	44
209	323	141	346	374
94	269	122	205	395
105	265	140	294	410
97	391	204	5	71
454	27	134	301	87
39	434	50	499	320
215	81	387	353	259
390	446	346	276	281
257	213	120	448	17
47	400	467	123	428
231	487	173	82	52
352	108	68	95	136
94	270	204	491	263
464	97	110	395	265
180	494	186	197	453
473	335	330	111	458
213	337	378	52	222
17	494	493	378	67
40	251	480	217	224
71	484	154	215	202
425	247	442	247	385
114	106	41	146	360
348	11	376	440	426
373	90	183	466	333
487	400	313	188	198
290	426	341	467	272
51	332	246	451	401
256	448	349	215	279
135	491	330	231	298
169	77	209	80	50
126	37	43	311	456
203	74	272	148	320
340	163	484	288	495
438	418	160	230	33
431	176	104	372	176
161	454	155	360	85
281	304	202	92	426
176	125	485	489	2
135	102	391	125	86
76	332	318	488	459
68	319	275	393	338
310	82	43	132	423
55	361	438	407	235
221	238	119	288	112
31	462	372	431	410
207	138	192	252	490
161	358	67	331	77
210	133	55	325	445
251	28	426	445	291
106	200	24	168	337
357	427	425	463	140
362	199	494	405	117
374	398	295	65	375
320	162	7	162	364
73	290	62	134	69
423	406	340	44	32
77	413	475	151	72
365	42	350	367	14
473	20	122	476	274
191	151	181	401	368
60	147	284	383	256
49	350	411	478	89
289	140	387	422	465
342	188	300	446	88
272	65	381	73	152
113	350	249	456	437
118	110	277	424	56
486	40	402	9	426
385	135	171	356	443
52	492	274	293	471
299	435	75	152	484
260	145	350	12	337
485	381	26	497	433
281	2	337	236	429
182	234	14	241	284
366	332	125	203	356
145	406	137	66	486
286	96	335	28	488
201	59	252	133	158
230	379	257	105	359
418	214	100	463	93
89	125	281	408	243
66	24	107	237	205
405	292	95	257	110
122	368	281	435	220
174	115	380	16	264
321	356	388	151	175
437	86	164	83	126
464	41	263	213	451
141	405	165	304	206
347	481	85	396	210
108	44	260	383	34
108	482	274	427	138
375	321	337	281	108
242	454	277	300	422
458	211	156	263	132
460	14	407	331	117
169	142	97	465	301
141	108	284	327	496
345	386	261	51	304
249	109	492	299	122
95	44	338	462	114
57	196	451	110	134
333	438	488	179	300
57	231	15	116	43
308	268	352	300	131
287	416	209	146	322
431	322	19	477	156
415	170	264	322	188
223	287	495	309	364
451	105	66	93	34
296	2	217	304	147
306	336	180	95	484
59	94	315	252	265
241	85	64	67	350
500	414	137	448	107
454	63	276	348	127
60	347	295	81	326
83	499	492	306	379
351	499	96	310	125
77	315	317	1	140
471	335	342	40	9
373	490	487	429	376
212	128	452	254	34
426	46	408	204	401
180	275	222	483	159
34	299	50	446	321
267	202	417	416	367
456	221	207	347	483
56	104	68	96	190
483	155	162	306	67
164	70	272	57	390
381	25	121	221	358
302	280	442	417	376
143	234	303	258	464
62	166	83	481	222
427	38	106	365	289
466	439	312	207	380
334	52	226	252	70
278	305	206	206	114
310	469	59	104	495
156	488	256	190	126
278	329	450	367	230
293	400	97	59	370
345	310	234	414	179
281	334	209	35	19
364	1	315	43	337
28	319	262	464	311
142	19	364	366	470
216	129	42	457	160
298	261	282	4	263
152	436	218	281	336
466	236	394	203	365
37	284	132	144	240
344	42	420	381	367
321	221	452	9	471
238	272	98	425	421
457	246	359	358	325
256	114	105	308	103
262	101	229	366	473
19	92	309	186	381
222	467	427	33	192
471	247	202	366	465
213	395	225	138	84
471	131	80	76	190
420	410	351	285	246
114	460	68	220	38
478	22	318	375	142
211	263	339	261	336
219	331	263	241	174
290	71	338	174	193
189	422	204	232	304
259	442	366	342	183
446	134	131	56	185
455	253	136	307	53
183	333	407	206	394
438	144	456	112	241
166	122	251	346	104
6	463	377	78	455
135	91	146	134	60
35	231	199	471	311
42	383	210	89	137
294	187	288	214	185
46	187	345	472	360
233	44	273	299	86
49	68	64	468	416
155	68	379	9	456
126	359	419	52	265
24	465	244	39	325
13	41	385	276	239
231	169	487	416	437
156	317	468	242	57
414	128	63	140	55
179	416	415	142	270
184	49	388	336	316
333	171	291	225	409
170	74	166	150	284
323	288	134	360	40
460	397	129	183	319
330	177	496	10	96
459	356	34	97	355
488	313	230	289	179
305	445	84	14	116
249	156	183	220	472
211	415	170	445	257
260	454	95	405	159
15	415	300	498	35
332	79	313	499	75
431	108	408	394	484
474	169	462	171	119
450	205	76	312	126
71	88	370	310	164
180	203	221	131	174
417	51	228	113	495
482	276	375	406	318
457	122	440	472	326
417	130	149	62	165
256	19	247	444	407
111	136	227	325	188
106	359	177	415	476
317	74	376	222	154
429	91	212	112	249
439	289	284	166	267
413	157	469	36	109
387	232	239	26	428
186	215	51	240	60
169	204	366	459	186
137	472	420	298	154
138	482	168	263	110
204	148	155	383	412
464	115	88	310	124
191	400	463	306	238
440	16	177	169	408
268	93	228	185	369
103	198	443	323	261
353	233	438	219	71
498	465	380	323	382
434	418	19	90	268
197	476	163	190	455
349	308	425	43	114
12	224	92	249	351
27	92	244	499	357
317	243	98	109	70
495	169	306	403	313
166	415	326	459	495
189	324	67	130	137
417	12	43	66	427
187	23	30	258	494
479	35	435	289	279
443	125	270	159	473
3	254	24	341	376
483	121	416	47	433
409	495	74	74	307
219	358	352	25	422
141	83	240	330	133
16	14	233	203	331
247	99	182	448	127
311	404	374	177	258
482	252	213	188	313
250	363	139	341	370
219	395	484	369	161
460	17	76	159	37
213	379	299	359	85
32	498	435	456	309
472	345	185	387	308
242	445	195	125	16
87	117	64	451	215
461	205	121	418	84
391	310	451	160	334
409	479	311	199	340
215	211	378	401	77
66	315	305	276	367
203	97	336	98	417
406	37	387	18	333
320	103	63	129	49
288	422	55	125	118
169	337	290	217	208
166	439	231	71	10
312	194	193	37	249
350	126	412	432	19
368	473	322	303	364
173	133	111	339	160
404	398	458	312	392
19	143	51	424	173
1	498	345	9	282
495	248	171	354	486
381	412	149	120	296
286	350	356	119	341
452	315	164	36	356
53	165	239	128	354
40	397	105	67	321
242	159	296	115	399
481	128	320	350	372
253	434	254	396	296
311	377	250	177	207
108	354	180	160	404
53	439	386	491	398
295	197	4	46	95
465	231	418	422	285
327	16	332	148	421
310	387	330	262	86
81	1	141	403	321
171	352	436	294	392
447	59	265	353	452
74	264	483	351	192
53	392	321	499	3
184	454	34	382	423
18	489	269	272	394
298	416	257	210	465
33	198	68	42	291
98	307	59	358	194
52	164	69	471	11
160	37	473	409	68
122	304	2	22	297
12	457	157	434	19
111	129	476	56	7
310	9	33	256	231
332	200	156	442	44
46	446	50	288	375
426	350	218	116	191
407	228	291	122	349
82	277	395	144	198
265	83	426	455	58
325	364	146	389	198
354	110	353	222	424
96	116	368	460	312
301	26	493	461	437
164	186	142	414	118
350	68	24	158	342
186	143	94	297	116
323	140	219	423	407
327	41	83	232	193
48	292	47	112	245
75	75	113	459	467
313	37	340	157	392
130	136	262	469	247
464	160	210	150	239
136	426	229	322	372
192	337	136	62	191
209	391	332	156	156
381	204	414	49	214
119	132	429	146	266
272	66	434	338	33
298	248	101	183	364
7	450	179	395	22
112	492	25	134	324
396	428	20	295	289
334	91	482	33	455
126	55	396	275	334
487	404	112	170	402
99	475	259	345	140
156	446	415	57	361
289	237	205	2	187
100	440	321	91	468
175	345	450	394	379
348	489	275	250	101
167	48	116	300	121
175	425	414	296	124
221	177	337	203	261
169	236	488	127	444
99	407	66	191	370
117	477	225	210	74
434	271	463	135	412
476	423	312	495	476
76	132	247	43	370
488	60	392	174	301
324	280	416	357	90
402	84	350	171	282
395	31	437	320	408
461	202	255	1	297
262	199	372	423	269
226	107	464	277	148
482	401	281	200	223
210	325	384	29	233
294	18	6	482	248
310	175	49	486	460
153	8	395	277	195
348	303	309	102	212
469	184	96	436	340
382	353	359	295	12
406	314	215	196	242
235	262	287	401	387
96	51	372	114	36
199	473	216	274	494
411	491	151	420	13
453	144	176	20	21
384	220	232	488	27
221	344	359	499	312
400	17	482	117	74
23	179	118	308	2
71	136	485	465	22
271	319	106	154	227
269	387	103	498	179
285	466	500	380	95
83	188	123	403	440
248	243	217	500	265
377	158	256	238	131
443	17	54	497	335
24	140	28	127	196
332	90	102	431	320
24	243	373	186	493
436	83	203	4	284
32	448	206	490	397
477	481	202	165	306
397	291	367	492	186
378	292	198	352	17
171	384	218	208	235
121	153	36	235	163
195	2	406	467	445
26	28	264	99	371
26	2	117	478	259
498	317	184	199	254
158	46	296	154	374
416	98	117	233	188
320	471	6	132	165
72	16	327	88	498
18	30	414	299	40
182	261	432	246	274
311	97	311	236	392
320	436	112	36	457
231	290	294	465	181
303	307	136	156	96
122	321	439	256	442
310	180	415	388	273
423	294	200	23	151
456	146	432	81	104
122	172	394	251	387
420	388	69	244	389
366	223	121	403	236
388	31	67	478	435
26	394	107	112	236
168	191	388	447	425
228	322	163	191	16
243	480	212	181	325
181	183	131	225	18
58	114	446	307	247
471	17	120	347	58
347	400	108	298	456
150	116	202	385	471
190	350	417	279	418
355	160	492	215	205
421	93	412	400	12
232	62	140	380	329
105	123	256	201	188
247	434	493	329	466
447	465	250	132	90
353	234	336	180	424
48	146	495	426	94
155	335	357	343	132
446	281	448	481	496
415	453	358	131	463
89	230	494	449	324
48	281	103	137	389
113	70	422	494	364
467	260	304	9	266
369	185	27	315	1
299	22	199	489	326
92	115	206	379	76
309	44	317	172	170
265	70	300	83	47
86	338	416	404	342
40	216	139	344	242
65	8	14	91	433
194	17	488	234	72
66	277	238	207	114
52	169	252	323	104
133	60	351	354	273
388	285	16	148	492
363	90	73	311	186
387	462	49	411	135
230	9	311	271	180
401	263	477	381	300
232	226	171	158	184
253	193	373	91	90
77	449	330	344	340
67	349	121	81	185
100	193	225	7	169
417	422	300	290	292
146	333	147	27	436
299	74	298	495	1
381	390	33	200	73
420	430	199	193	180
35	191	55	475	87
391	70	472	204	314
380	133	431	26	435
356	280	317	360	28
119	355	84	355	29
285	128	299	251	272
323	112	18	56	186
427	219	146	320	428
385	276	13	155	442
85	184	121	176	452
146	332	115	99	209
247	414	58	442	414
50	478	33	48	306
415	92	117	387	387
365	24	471	224	25
111	64	156	171	342
228	487	376	121	280
16	70	23	280	10
321	179	271	214	493
369	367	185	350	102
231	156	286	385	132
87	98	491	97	372
312	431	34	210	215
95	236	305	67	484
130	446	252	488	61
154	254	139	465	204
219	59	364	466	327
472	249	495	199	287
114	237	5	87	28
478	145	56	259	339
426	343	425	326	482
361	299	104	498	322
224	480	104	48	481
245	111	53	343	8
38	383	361	22	11
147	243	247	219	247
74	441	98	180	162
479	66	138	456	30
349	421	263	73	291
204	464	347	468	148
256	406	96	400	412
431	221	208	414	213
98	49	175	368	490
32	353	333	353	355
462	24	402	358	444
170	102	459	75	25
74	429	342	310	80
225	396	33	458	43
297	300	78	297	357
135	130	410	437	295
118	130	29	67	420
468	467	318	309	443
374	300	428	411	64
291	466	81	499	248
308	14	304	61	426
297	260	220	100	390
221	318	251	215	13
128	10	94	204	147
32	431	371	456	167
355	380	220	145	159
2	314	139	311	357
71	494	287	232	304
233	341	269	172	374
433	418	452	248	384
107	44	127	500	112
82	231	380	58	54
106	94	467	395	115
274	192	232	134	448
234	31	70	185	162
164	427	118	345	152
11	290	188	211	209
252	11	396	374	333
362	235	232	333	276
288	137	109	238	233
495	299	326	3	413
416	247	455	44	459
240	231	195	299	211
155	318	69	445	356
90	183	403	211	434
131	431	293	491	138
362	56	260	104	321
306	405	297	277	174
318	136	296	201	116
41	167	116	246	309
290	482	183	413	153
131	59	244	343	337
156	430	471	252	214
410	374	6	230	18
31	276	234	230	439
18	60	208	491	221
118	355	33	429	260
322	410	82	382	84
454	112	105	229	156
70	60	133	231	387
249	393	359	396	311
319	366	94	330	386
101	135	215	383	80
423	111	413	333	226
385	106	137	485	107
266	130	102	60	399
146	217	246	470	428
29	66	247	293	251
138	102	170	471	101
30	337	358	432	435
457	364	329	15	95
433	385	489	192	429
227	457	345	286	267
26	392	436	82	105
364	169	252	233	53
356	45	137	138	76
135	352	39	4	210
164	170	157	379	127
12	186	70	425	481
210	37	40	487	14
400	206	78	256	492
349	97	261	160	121
86	288	416	394	447
265	12	356	250	335
240	483	414	492	309
217	455	91	284	161
472	96	152	49	255
490	12	47	313	295
463	134	497	345	2
205	361	319	50	298
45	146	33	390	158
361	269	344	311	217
267	16	125	166	405
63	184	274	195	151
235	227	414	167	469
289	355	425	261	4
67	365	164	294	366
381	331	429	90	426
281	93	254	143	367
467	204	76	188	44
246	41	91	83	11
154	440	118	293	134
348	408	481	327	213
132	422	2	221	451
233	13	334	354	362
457	274	27	263	369
468	334	92	368	239
427	184	280	416	137
195	74	294	219	218
435	58	393	226	329
355	233	268	376	361
131	490	180	12	191
18	345	189	306	173
152	55	263	282	68
299	36	219	236	141
314	492	423	463	7
147	453	440	18	104
437	132	239	159	248
309	360	345	222	92
413	129	34	42	108
364	120	434	432	5
412	394	85	159	347
103	437	211	142	335
418	250	431	284	338
433	252	137	157	370
112	87	321	256	157
194	123	268	123	242
80	80	7	218	124
119	236	465	167	205
480	123	400	119	428
445	325	217	285	26
357	371	377	249	424
80	235	117	260	155
231	83	159	365	277
69	223	359	147	461
292	8	289	485	479
478	484	172	72	274
438	21	261	348	180
422	343	256	127	381
48	33	98	264	350
432	472	106	269	198
112	381	198	337	387
26	220	436	492	129
381	497	231	339	275
1	327	390	186	17
72	290	124	230	15
420	132	61	210	74
297	58	197	405	266
468	255	164	367	89
432	445	86	390	192
230	66	493	378	478
52	88	10	313	487
236	168	46	271	484
442	361	315	92	125
468	210	374	459	431
70	51	135	74	325
399	290	79	388	469
168	463	478	245	63
241	135	362	255	202
376	437	231	227	442
24	311	336	257	453
44	489	444	472	248
460	384	315	249	439
47	128	224	120	420
186	347	442	180	490
75	282	247	240	386
451	365	93	10	30
283	271	491	33	234
236	229	200	407	383
464	185	398	497	387
147	473	186	155	78
467	125	274	31	441
114	38	420	149	252
392	144	345	11	425
168	384	27	88	395
147	109	146	107	191
204	226	220	294	208
48	90	148	123	447
207	207	442	168	483
237	381	85	21	224
46	216	85	246	160
153	488	453	92	179
214	168	414	292	421
370	307	34	232	207
149	424	140	282	235
406	208	270	19	258
483	88	179	68	130
81	151	464	417	421
453	34	437	474	65
319	35	214	122	27
104	183	91	458	292
299	257	11	151	384
414	239	443	398	32
230	305	186	330	423
429	215	397	254	20
144	330	303	212	256
435	98	153	347	291
398	195	263	406	257
247	268	420	50	258
8	297	406	285	235
392	346	206	193	420
59	428	482	371	94
233	248	14	130	6
241	30	92	444	363
100	377	428	226	62
296	291	263	412	232
286	369	349	218	252
191	62	328	276	87
379	416	186	367	100
378	87	32	389	115
163	411	235	323	323
369	54	289	39	55
411	105	101	101	194
52	284	484	172	358
377	11	456	91	362
340	266	53	174	160
487	246	230	67	209
207	239	342	179	352
455	439	31	212	97
219	78	223	471	51
77	80	295	335	337
184	71	11	165	54
117	365	113	69	191
178	75	226	289	149
244	103	220	67	8
31	258	351	432	328
204	427	407	12	52
488	372	57	231	359
425	72	110	177	432
118	57	433	69	226
311	363	60	358	22
321	179	429	83	296
307	224	428	55	466
440	473	137	404	178
441	288	270	172	59
281	488	120	50	493
193	288	311	253	286
470	130	480	177	259
169	455	76	314	94
148	125	255	39	65
322	36	176	343	210
224	22	310	381	165
258	483	9	381	306
57	228	363	300	421
351	445	361	261	383
152	55	39	409	263
265	49	84	176	16
340	1	409	391	343
215	193	11	77	38
212	96	420	78	79
10	263	252	204	426
362	303	164	48	186
281	163	68	22	69
89	447	202	83	281
29	461	325	472	82
390	371	21	462	93
73	104	431	11	452
53	482	26	235	246
344	108	379	392	277
208	208	301	192	260
12	359	204	147	268
83	319	242	222	224
2	150	216	41	388
85	364	180	394	178
448	491	248	125	94
272	61	466	241	269
86	252	378	101	237
61	422	244	21	29
486	267	44	487	55
65	221	326	41	12
143	199	358	41	45
300	403	14	391	397
383	288	362	303	429
248	61	464	71	457
136	222	368	269	299
457	225	173	192	166
132	81	136	166	134
482	7	308	413	13
151	416	196	24	139
110	146	10	418	180
461	319	51	78	463
229	179	257	153	100
85	456	295	196	238
269	166	383	229	257
131	4	463	216	252
304	69	409	354	88
131	373	440	203	144
437	101	391	250	3
305	52	417	79	80
103	459	133	112	367
142	451	60	43	413
417	358	313	476	306
40	103	316	456	215
141	137	393	177	423
372	24	267	209	49
263	327	271	291	340
273	352	468	250	207
14	66	57	271	264
432	343	177	496	55
472	241	496	41	406
201	198	356	9	327
426	128	421	139	77
41	110	217	70	329
176	263	6	123	426
124	198	194	318	394
238	321	225	163	383
27	43	489	206	284
88	76	322	15	162
439	145	300	419	433
257	413	260	72	422
490	295	108	2	26
494	331	30	211	372
187	175	234	482	120
455	121	13	189	67
399	158	167	216	207
281	253	220	42	203
61	349	271	89	464
335	173	263	227	258
190	440	237	127	215
443	107	130	472	308
170	448	464	310	421
385	377	175	349	138
131	110	414	265	417
340	451	389	287	31
71	293	441	32	275
473	342	310	75	169
93	234	426	29	62
368	401	32	435	332
257	186	429	112	451
263	65	30	90	370
477	27	339	254	329
2	242	347	438	123
66	6	365	443	115
242	381	313	251	113
446	251	401	457	364
357	371	460	496	391
372	169	334	180	130
143	326	169	435	477
162	195	460	401	267
176	404	232	458	338
270	151	238	64	246
320	115	73	169	262
59	92	480	170	302
427	408	189	219	317
64	75	321	479	281
384	190	397	227	273
111	195	296	163	332
252	267	312	127	320
288	451	98	319	203
19	262	266	197	485
312	338	36	404	247
318	195	249	312	76
49	100	267	315	133
14	487	256	342	25
310	126	362	131	389
114	75	224	244	491
408	432	197	57	207
287	31	431	70	141
26	159	241	238	490
298	230	266	54	199
482	418	305	366	481
172	91	162	396	329
325	471	413	37	451
97	60	24	42	357
378	342	306	142	485
276	407	442	121	345
253	431	426	436	265
23	350	268	413	368
33	351	366	337	215
205	251	72	358	124
361	27	364	234	395
288	496	299	194	12
439	254	27	446	445
70	461	499	490	26
274	86	360	499	356
492	271	358	312	166
87	203	411	241	459
123	258	224	359	459
186	4	176	439	41
348	217	481	491	43
460	423	296	77	483
242	86	15	132	351
66	195	243	288	484
455	212	40	2	94
69	26	120	5	39
135	6	288	486	191
448	290	411	142	155
209	116	384	183	105
215	295	34	85	2
52	215	111	224	376
399	494	417	25	482
255	295	82	234	316
67	181	329	30	500
147	454	154	432	494
315	254	184	476	307
60	372	338	477	458
65	71	349	478	167
409	348	156	442	341
49	50	165	294	141
75	257	404	232	265
475	64	266	196	313
238	81	486	368	395
278	326	268	488	189
237	51	258	116	139
426	453	310	25	138
433	282	54	59	146
253	218	277	275	183
409	429	380	272	4
472	167	164	300	157
253	286	2	392	178
425	81	98	75	298
172	474	354	325	298
69	333	303	350	87
73	158	382	12	134
32	10	371	398	412
459	172	82	401	67
54	489	451	436	358
327	330	294	282	38
188	176	245	487	192
110	477	196	92	163
476	350	447	109	46
15	24	3	423	40
305	117	287	492	284
383	61	47	371	62
282	464	448	253	288
185	270	455	342	255
241	118	133	24	324
1	47	308	337	377
358	320	437	243	375
341	224	277	69	260
233	242	426	353	418
438	279	248	158	88
68	267	488	139	388
214	50	128	94	499
329	418	440	460	147
336	233	4	478	389
330	439	35	391	434
120	494	332	427	317
414	345	154	482	418
314	227	184	292	164
275	181	276	307	399
7	84	445	371	147
331	235	472	320	186
288	292	288	428	438
137	313	302	387	201
273	361	339	156	284
58	280	14	326	131
81	271	485	319	196
444	329	316	317	448
381	279	213	269	407
259	447	365	291	94
303	435	80	59	81
112	469	357	423	379
408	219	262	334	79
429	195	135	154	460
286	245	438	142	49
254	164	400	49	81
256	154	447	392	65
345	239	267	243	246
427	268	343	156	417
66	126	134	69	49
118	252	170	87	251
406	47	390	42	187
150	312	324	143	459
304	364	427	213	183
92	334	461	18	255
24	182	311	350	459
373	360	203	204	193
375	55	90	398	417
486	42	65	16	393
239	471	422	94	140
123	361	310	199	498
183	97	394	395	26
58	461	73	196	497
409	131	81	279	440
153	24	146	269	61
85	465	102	91	423
402	160	116	60	174
409	79	107	448	258
38	413	132	113	380
71	332	399	356	14
235	98	99	343	128
68	237	206	238	103
312	180	99	204	235
396	340	66	218	97
108	411	271	354	460
326	320	196	309	25
357	348	410	304	96
392	394	458	67	15
421	338	460	365	459
425	7	31	48	315
221	354	463	139	298
46	338	478	39	95
104	286	342	325	346
142	106	452	200	479
347	160	472	410	181
86	82	231	472	492
310	203	387	158	241
321	419	353	27	466
8	79	414	237	156
480	58	337	45	206
305	364	212	155	333
194	385	290	291	192
122	99	316	156	32
104	379	391	98	233
498	37	50	61	105
474	221	333	246	284
157	403	188	47	443
131	284	388	391	184
223	160	95	392	141
493	86	67	198	309
299	90	321	305	187
89	20	213	260	122
97	154	134	471	328
76	55	240	421	249
261	306	427	97	412
264	356	422	92	230
202	451	172	456	115
64	237	39	100	164
19	95	280	404	2
364	245	369	282	444
209	84	291	494	62
398	3	82	284	61
20	167	154	24	147
356	98	76	449	208
27	235	382	475	130
36	360	100	409	296
495	29	116	250	72
155	462	12	103	299
130	86	500	343	192
169	202	455	362	315
337	448	320	110	40
495	108	417	435	329
90	174	193	118	6
96	348	408	261	8
107	471	372	80	196
9	118	483	188	269
102	262	406	140	187
138	341	165	382	320
